*A 0 0 46 47 46 47 0
*B 46 0 43 47 43 47 0
*C 89 0 42 49 42 49 1
*D 131 0 44 47 44 47 0
*E 175 0 44 47 44 47 0
*F 219 0 42 47 42 47 0
*G 261 0 45 49 45 49 1
*H 306 0 48 47 48 47 0
*I 354 0 21 47 21 47 0
*J 375 0 38 48 38 48 1
*K 413 0 49 47 49 47 0
*L 462 0 35 47 35 47 0
*M 497 0 57 47 57 47 0
*N 0 49 47 47 47 47 0
*O 47 49 45 49 45 49 1
*P 92 49 44 47 44 47 0
*Q 136 49 45 54 45 54 6
*R 181 49 45 47 45 47 0
*S 226 49 40 49 40 49 1
*T 266 49 39 47 39 47 0
*U 305 49 47 48 47 48 1
*V 352 49 46 47 46 47 0
*W 398 49 64 47 64 47 0
*X 0 103 54 47 54 47 0
*Y 54 103 45 47 45 47 0
*Z 99 103 42 47 42 47 0
*a 141 103 34 37 34 37 1
*b 175 103 37 48 37 48 1
*c 212 103 33 37 33 37 1
*d 245 103 42 48 42 48 1
*e 287 103 33 37 33 37 1
*f 320 103 28 48 28 48 0
*g 348 103 41 49 41 49 13
*h 389 103 37 47 37 47 0
*i 426 103 21 47 21 47 0
*j 447 103 32 60 32 60 13
*k 0 163 39 47 39 47 0
*l 39 163 21 47 21 47 0
*m 60 163 56 36 56 36 0
*n 116 163 37 36 37 36 0
*o 153 163 35 37 35 37 1
*p 188 163 40 49 40 49 13
*q 228 163 38 49 38 49 13
*r 266 163 30 36 30 36 0
*s 296 163 36 37 36 37 1
*t 332 163 22 47 22 47 1
*u 354 163 38 36 38 36 1
*v 392 163 36 35 36 35 0
*w 428 163 50 35 50 35 0
*x 0 212 42 35 42 35 0
*y 42 212 42 48 42 48 13
*z 84 212 33 35 33 35 0
*< 117 212 32 36 32 36 -5
*> 149 212 32 36 32 36 -5
*\ 181 212 13 47 13 47 0
*, 194 212 15 20 15 20 10
*; 209 212 21 45 21 45 10
*. 230 212 12 10 12 10 0
*: 242 212 18 35 18 35 0
*- 260 212 20 10 20 10 -12
*_ 280 212 38 6 38 6 13
*  318 212 18 72 18 72 13
*§ 336 212 36 61 36 61 13
*° 372 212 21 21 21 21 -27
*! 393 212 19 47 19 47 0
*] 412 212 30 60 30 60 13
*[ 442 212 30 60 30 60 13
*{ 472 212 29 61 29 61 13
*} 0 284 29 61 29 61 13
*$ 29 284 37 56 37 56 6
*£ 66 284 40 49 40 49 1
*0 106 284 34 48 34 48 1
*1 140 284 27 47 27 47 0
*2 167 284 35 47 35 47 0
*3 202 284 35 48 35 48 1
*4 237 284 37 46 37 46 0
*5 274 284 35 47 35 47 1
*6 309 284 32 48 32 48 1
*7 341 284 34 46 34 46 0
*8 375 284 33 48 33 48 1
*9 408 284 33 48 33 48 1
*+ 441 284 33 33 33 33 -7
*" 0 345 25 17 25 17 -30
** 25 345 23 23 23 23 -25
*ç 48 345 33 48 33 48 12
*% 81 345 49 49 49 49 1
*& 130 345 41 49 41 49 1
*/ 171 345 30 47 30 47 0
*( 201 345 25 60 25 60 13
*) 226 345 25 60 25 60 13
*= 251 345 33 23 33 23 -12
*? 284 345 33 48 33 48 0
*` 317 345 14 10 14 10 -38
*^ 331 345 32 26 32 26 -22
*¦ 363 345 8 60 8 60 13
*@ 371 345 61 61 61 61 13
*# 432 345 36 47 36 47 0
*¬ 468 345 33 23 33 23 -12
*| 0 406 8 60 8 60 13
*¢ 8 406 33 60 33 60 13
*´ 41 406 16 10 16 10 -38
*~ 57 406 34 15 34 15 -15
*ö 91 406 35 48 35 48 1
*ä 126 406 36 48 36 48 1
*ü 162 406 38 48 38 48 1
*é 200 406 33 49 33 49 1
*à 233 406 34 49 34 49 1
*è 267 406 33 49 33 49 1
*Ö 300 406 45 60 45 60 1
*Ä 345 406 46 59 46 59 0
*Ü 391 406 47 60 47 60 1
