*A 0 0 12 13 12 13 0 0
*B 12 0 11 13 11 13 0 0
*C 23 0 11 13 11 13 0 0
*D 34 0 11 13 11 13 0 0
*E 45 0 10 13 10 13 0 0
*F 55 0 9 13 9 13 0 0
*G 64 0 11 13 11 13 0 0
*H 75 0 11 13 11 13 0 0
*I 86 0 3 13 3 13 0 0
*J 89 0 9 13 9 13 0 0
*K 98 0 12 13 12 13 0 0
*L 110 0 9 13 9 13 0 0
*M 119 0 12 13 12 13 0 0
*N 0 13 11 13 11 13 0 0
*O 11 13 11 13 11 13 0 0
*P 22 13 10 13 10 13 0 0
*Q 32 13 11 14 11 14 1 0
*R 43 13 12 13 12 13 0 0
*S 55 13 10 13 10 13 0 0
*T 65 13 11 13 11 13 0 0
*U 76 13 11 13 11 13 0 0
*V 87 13 13 13 13 13 0 0
*W 100 13 16 13 16 13 0 0
*X 0 27 12 13 12 13 0 0
*Y 12 27 13 13 13 13 0 0
*Z 25 27 10 13 10 13 0 0
*a 35 27 9 10 9 10 0 0
*b 44 27 9 13 9 13 0 0
*c 53 27 8 10 8 10 0 0
*d 61 27 9 13 9 13 0 0
*e 70 27 8 10 8 10 0 0
*f 78 27 7 13 7 13 0 0
*g 85 27 9 13 9 13 3 0
*h 94 27 9 13 9 13 0 0
*i 103 27 3 13 3 13 0 0
*j 106 27 5 16 5 16 3 0
*k 111 27 9 13 9 13 0 0
*l 0 43 3 13 3 13 0 0
*m 3 43 13 10 13 10 0 0
*n 16 43 9 10 9 10 0 0
*o 25 43 9 10 9 10 0 0
*p 34 43 9 13 9 13 3 0
*q 43 43 9 13 9 13 3 0
*r 52 43 6 10 6 10 0 0
*s 58 43 8 10 8 10 0 0
*t 66 43 6 13 6 13 0 0
*u 72 43 9 10 9 10 0 0
*v 81 43 10 10 10 10 0 0
*w 91 43 14 10 14 10 0 0
*x 105 43 10 10 10 10 0 0
*y 0 56 12 13 12 13 3 0
*z 12 56 8 10 8 10 0 0
*< 20 56 9 10 9 10 -1 0
*> 29 56 9 10 9 10 -1 0
*\ 38 56 5 13 5 13 0 0
*, 43 56 3 6 3 6 3 0
*; 46 56 3 13 3 13 3 0
*. 49 56 3 3 3 3 0 0
*: 52 56 3 10 3 10 0 0
*- 55 56 5 3 5 3 -3 0
*_ 60 56 10 3 10 3 3 0
*  70 56 4 19 4 19 4 0
*§ 74 56 9 16 9 16 3 0
*° 83 56 6 6 6 6 -7 0
*! 89 56 3 13 3 13 0 0
*] 92 56 5 16 5 16 3 0
*[ 97 56 5 16 5 16 3 0
*{ 102 56 7 16 7 16 3 0
*} 109 56 7 16 7 16 3 0
*$ 116 56 8 15 8 15 1 0
*£ 0 75 10 13 10 13 0 0
*0 10 75 9 13 9 13 0 0
*1 19 75 6 13 6 13 0 0
*2 25 75 9 13 9 13 0 0
*3 34 75 9 13 9 13 0 0
*4 43 75 9 13 9 13 0 0
*5 52 75 9 13 9 13 0 0
*6 61 75 9 13 9 13 0 0
*7 70 75 9 13 9 13 0 0
*8 79 75 9 13 9 13 0 0
*9 88 75 9 13 9 13 0 0
*+ 97 75 9 9 9 9 -2 0
*" 106 75 7 5 7 5 -8 0
** 0 88 6 5 6 5 -8 0
*ç 6 88 8 13 8 13 3 0
*% 14 88 16 13 16 13 0 0
*& 30 88 12 13 12 13 0 0
*/ 42 88 5 13 5 13 0 0
*( 47 88 5 16 5 16 3 0
*) 52 88 5 16 5 16 3 0
*= 57 88 9 6 9 6 -4 0
*? 66 88 9 13 9 13 0 0
*` 75 88 4 3 4 3 -10 0
*^ 79 88 9 7 9 7 -6 0
*¦ 88 88 3 16 3 16 3 0
*@ 91 88 16 17 16 17 4 0
*# 107 88 8 13 8 13 0 0
*¬ 115 88 9 7 9 7 -3 0
*| 0 105 3 16 3 16 3 0
*¢ 3 105 9 16 9 16 3 0
*´ 12 105 4 3 4 3 -10 0
*~ 16 105 9 4 9 4 -4 0
*ö 25 105 9 13 9 13 0 0
*ä 34 105 9 13 9 13 0 0
*ü 43 105 9 13 9 13 0 0
*é 52 105 8 13 8 13 0 0
*à 60 105 9 13 9 13 0 0
*è 69 105 8 13 8 13 0 0
*Ö 77 105 11 16 11 16 0 0
*Ä 88 105 12 16 12 16 0 0
*Ü 100 105 11 16 11 16 0 0
