*A 0 0 64 128 43 72 13
*B 64 0 64 128 43 72 13
*C 128 0 64 128 46 72 13
*D 192 0 64 128 46 72 13
*E 256 0 64 128 43 72 13
*F 320 0 64 128 39 72 13
*G 384 0 64 128 50 72 13
*H 448 0 64 128 46 72 13
*I 512 0 32 128 18 72 13
*J 544 0 32 128 32 72 13
*K 576 0 64 128 43 72 13
*L 640 0 64 128 36 72 13
*M 704 0 64 128 53 72 13
*N 0 128 64 128 46 72 13
*O 64 128 64 128 50 72 13
*P 128 128 64 128 43 72 13
*Q 192 128 64 128 50 72 13
*R 256 128 64 128 46 72 13
*S 320 128 64 128 43 72 13
*T 384 128 64 128 40 72 13
*U 448 128 64 128 46 72 13
*V 512 128 64 128 43 72 13
*W 576 128 64 128 64 72 13
*X 640 128 64 128 41 72 13
*Y 704 128 64 128 42 72 13
*Z 0 256 64 128 39 72 13
*a 64 256 64 128 36 72 13
*b 128 256 64 128 36 72 13
*c 192 256 32 128 32 72 13
*d 224 256 64 128 36 72 13
*e 288 256 64 128 36 72 13
*f 352 256 32 128 18 72 13
*g 384 256 64 128 36 72 13
*h 448 256 64 128 36 72 13
*i 512 256 16 128 14 72 13
*j 528 256 16 128 15 72 13
*k 544 256 64 128 33 72 13
*l 608 256 16 128 14 72 13
*m 624 256 64 128 55 72 13
*n 688 256 64 128 36 72 13
*o 0 384 64 128 36 72 13
*p 64 384 64 128 36 72 13
*q 128 384 64 128 36 72 13
*r 192 384 32 128 21 72 13
*s 224 384 32 128 32 72 13
*t 256 384 32 128 18 72 13
*u 288 384 64 128 36 72 13
*v 352 384 64 128 33 72 13
*w 416 384 64 128 47 72 13
*x 480 384 32 128 31 72 13
*y 512 384 32 128 31 72 13
*z 544 384 32 128 31 72 13
*< 576 384 64 128 37 72 13
*> 640 384 64 128 37 72 13
*\ 0 512 32 128 18 72 13
*, 32 512 32 128 18 72 13
*; 64 512 32 128 18 72 13
*. 96 512 32 128 18 72 13
*: 128 512 32 128 18 72 13
*- 160 512 32 128 21 72 13
*_ 192 512 64 128 36 72 13
*  256 512 32 128 18 72 13
*§ 288 512 64 128 36 72 13
*° 352 512 32 128 26 72 13
*! 384 512 32 128 20 72 13
*] 416 512 32 128 18 72 13
*[ 448 512 32 128 18 72 13
*{ 480 512 32 128 21 72 13
*} 512 512 32 128 21 72 13
*$ 544 512 64 128 36 72 13
*£ 608 512 64 128 36 72 13
*1 672 512 64 128 36 72 13
*2 0 640 64 128 36 72 13
*3 64 640 64 128 36 72 13
*4 128 640 64 128 36 72 13
*5 192 640 64 128 36 72 13
*6 256 640 64 128 36 72 13
*7 320 640 64 128 36 72 13
*8 384 640 64 128 36 72 13
*9 448 640 64 128 36 72 13
*+ 512 640 64 128 37 72 13
*" 576 640 32 128 23 72 13
** 608 640 32 128 25 72 13
*ç 640 640 32 128 32 72 13
*% 672 640 64 128 57 72 13
*& 0 768 64 128 43 72 13
*/ 64 768 32 128 18 72 13
*( 96 768 32 128 21 72 13
*) 128 768 32 128 21 72 13
*= 160 768 64 128 37 72 13
*? 224 768 64 128 36 72 13
*` 288 768 32 128 21 72 13
*^ 320 768 32 128 27 72 13
*¦ 352 768 32 128 17 72 13
*@ 384 768 128 128 65 72 13
*# 512 768 64 128 36 72 13
*¬ 576 768 64 128 37 72 13
*| 640 768 32 128 17 72 13
*¢ 672 768 64 128 36 72 13
*´ 0 896 32 128 21 72 13
*~ 32 896 64 128 37 72 13
*ö 96 896 64 128 36 72 13
*ä 160 896 64 128 36 72 13
*ü 224 896 64 128 36 72 13
*é 288 896 64 128 36 72 13
*à 352 896 64 128 36 72 13
*è 416 896 64 128 36 72 13
*Ö 480 896 64 128 50 72 13
*Ä 544 896 64 128 43 72 13
*Ü 608 896 64 128 46 72 13
