*A 0 0 26 24 26 24 0
*B 26 0 25 24 25 24 0
*C 51 0 25 24 25 24 0
*D 76 0 25 24 25 24 0
*E 101 0 24 24 24 24 0
*F 125 0 22 24 22 24 0
*G 147 0 27 24 27 24 0
*H 174 0 27 24 27 24 0
*I 201 0 12 24 12 24 0
*J 213 0 21 24 21 24 0
*K 234 0 30 24 30 24 0
*L 264 0 19 24 19 24 0
*M 283 0 30 24 30 24 0
*N 0 24 27 24 27 24 0
*O 27 24 27 24 27 24 0
*P 54 24 23 24 23 24 0
*Q 77 24 27 26 27 26 2
*R 104 24 25 24 25 24 0
*S 129 24 23 24 23 24 0
*T 152 24 23 24 23 24 0
*U 175 24 26 24 26 24 0
*V 201 24 26 24 26 24 0
*W 227 24 34 24 34 24 0
*X 0 50 29 24 29 24 0
*Y 29 50 26 24 26 24 0
*Z 55 50 25 24 25 24 0
*a 80 50 20 18 20 18 0
*b 100 50 20 24 20 24 0
*c 120 50 21 18 21 18 0
*d 141 50 21 24 21 24 0
*e 162 50 20 18 20 18 0
*f 182 50 15 24 15 24 0
*g 197 50 22 24 22 24 6
*h 219 50 19 24 19 24 0
*i 238 50 11 24 11 24 0
*j 249 50 16 30 16 30 6
*k 265 50 23 24 23 24 0
*l 0 80 11 24 11 24 0
*m 11 80 31 18 31 18 0
*n 42 80 19 18 19 18 0
*o 61 80 20 18 20 18 0
*p 81 80 21 24 21 24 6
*q 102 80 20 24 20 24 6
*r 122 80 17 18 17 18 0
*s 139 80 21 18 21 18 0
*t 160 80 14 24 14 24 0
*u 174 80 20 18 20 18 0
*v 194 80 20 18 20 18 0
*w 214 80 32 18 32 18 0
*x 0 104 25 18 25 18 0
*y 25 104 24 24 24 24 6
*z 49 104 18 18 18 18 0
*< 67 104 21 20 21 20 -2
*> 88 104 21 20 21 20 -2
*\ 109 104 6 24 6 24 0
*, 115 104 9 13 9 13 6
*; 124 104 11 24 11 24 6
*. 135 104 8 7 8 7 0
*: 143 104 10 18 10 18 0
*- 153 104 11 6 11 6 -6
*_ 164 104 18 3 18 3 4
*  182 104 11 46 11 46 10
*§ 193 104 21 30 21 30 6
*° 214 104 9 8 9 8 -16
*! 223 104 11 24 11 24 0
*] 234 104 16 30 16 30 6
*[ 250 104 16 30 16 30 6
*{ 266 104 16 30 16 30 6
*} 0 150 16 30 16 30 6
*$ 16 150 21 29 21 29 3
*£ 37 150 22 24 22 24 0
*1 59 150 16 24 16 24 0
*2 75 150 22 24 22 24 0
*3 97 150 21 24 21 24 0
*4 118 150 23 24 23 24 0
*5 141 150 21 24 21 24 0
*6 162 150 22 24 22 24 0
*7 184 150 20 24 20 24 0
*8 204 150 21 24 21 24 0
*9 225 150 21 24 21 24 0
*+ 246 150 20 18 20 18 -3
*" 266 150 17 9 17 9 -15
** 0 180 12 13 12 13 -11
*ç 12 180 21 24 21 24 6
*% 33 180 30 24 30 24 0
*& 63 180 27 24 27 24 0
*/ 90 180 14 24 14 24 0
*( 104 180 14 30 14 30 6
*) 118 180 14 30 14 30 6
*= 132 180 22 14 22 14 -5
*? 154 180 19 24 19 24 0
*` 173 180 9 6 9 6 -18
*^ 182 180 20 14 20 14 -10
*¦ 202 180 10 30 10 30 6
*@ 212 180 27 27 27 27 3
*# 239 180 22 24 22 24 0
*¬ 261 180 20 14 20 14 -5
*| 0 210 10 30 10 30 6
*¢ 10 210 20 30 20 30 6
*´ 30 210 10 6 10 6 -18
*~ 40 210 20 9 20 9 -8
*ö 60 210 20 24 20 24 0
*ä 80 210 20 24 20 24 0
*ü 100 210 20 24 20 24 0
*é 120 210 20 25 20 25 0
*à 140 210 20 25 20 25 0
*è 160 210 20 25 20 25 0
*Ö 180 210 27 30 27 30 0
*Ä 207 210 26 30 26 30 0
*Ü 233 210 26 30 26 30 0
