*A 0 0 13 13 13 13 0 0
*B 13 0 11 13 11 13 0 0
*C 24 0 12 13 12 13 0 0
*D 36 0 12 13 12 13 0 0
*E 48 0 12 13 12 13 0 0
*F 60 0 11 13 11 13 0 0
*G 71 0 12 13 12 13 0 0
*H 83 0 12 13 12 13 0 0
*I 95 0 5 13 5 13 0 0
*J 100 0 10 13 10 13 0 0
*K 110 0 13 13 13 13 0 0
*L 123 0 9 13 9 13 0 0
*M 132 0 15 13 15 13 0 0
*N 0 13 12 13 12 13 0 0
*O 12 13 12 13 12 13 0 0
*P 24 13 12 13 12 13 0 0
*Q 36 13 12 14 12 14 1 0
*R 48 13 12 13 12 13 0 0
*S 60 13 11 13 11 13 0 0
*T 71 13 11 13 11 13 0 0
*U 82 13 12 13 12 13 0 0
*V 94 13 12 13 12 13 0 0
*W 106 13 16 13 16 13 0 0
*X 0 27 13 13 13 13 0 0
*Y 13 27 12 13 12 13 0 0
*Z 25 27 11 13 11 13 0 0
*a 36 27 9 10 9 10 0 0
*b 45 27 10 13 10 13 0 0
*c 55 27 9 10 9 10 0 0
*d 64 27 10 13 10 13 0 0
*e 74 27 9 10 9 10 0 0
*f 83 27 7 13 7 13 0 0
*g 90 27 11 13 11 13 3 0
*h 101 27 10 13 10 13 0 0
*i 111 27 5 13 5 13 0 0
*j 116 27 8 16 8 16 3 0
*k 124 27 10 13 10 13 0 0
*l 0 43 5 13 5 13 0 0
*m 5 43 15 10 15 10 0 0
*n 20 43 11 10 11 10 0 0
*o 31 43 10 10 10 10 0 0
*p 41 43 10 13 10 13 3 0
*q 51 43 11 13 11 13 3 0
*r 62 43 8 10 8 10 0 0
*s 70 43 9 10 9 10 0 0
*t 79 43 6 12 6 12 0 0
*u 85 43 11 10 11 10 0 0
*v 96 43 9 10 9 10 0 0
*w 105 43 14 10 14 10 0 0
*x 0 56 11 10 11 10 0 0
*y 11 56 11 13 11 13 3 0
*z 22 56 9 10 9 10 0 0
*< 31 56 9 10 9 10 -1 0
*> 40 56 9 10 9 10 -1 0
*\ 49 56 5 13 5 13 0 0
*, 54 56 4 5 4 5 2 0
*; 58 56 5 11 5 11 2 0
*. 63 56 3 3 3 3 0 0
*: 66 56 4 9 4 9 0 0
*- 70 56 5 3 5 3 -3 0
*_ 75 56 10 2 10 2 3 0
*  85 56 4 19 4 19 4 0
*§ 89 56 10 16 10 16 3 0
*° 99 56 6 6 6 6 -7 0
*! 105 56 5 13 5 13 0 0
*] 110 56 7 16 7 16 3 0
*[ 117 56 7 16 7 16 3 0
*{ 124 56 8 16 8 16 3 0
*} 0 75 8 16 8 16 3 0
*$ 8 75 10 15 10 15 1 0
*£ 18 75 11 13 11 13 0 0
*0 29 75 9 13 9 13 0 0
*1 38 75 7 13 7 13 0 0
*2 45 75 9 13 9 13 0 0
*3 54 75 9 13 9 13 0 0
*4 63 75 10 13 10 13 0 0
*5 73 75 9 13 9 13 0 0
*6 82 75 9 13 9 13 0 0
*7 91 75 9 13 9 13 0 0
*8 100 75 9 13 9 13 0 0
*9 109 75 9 13 9 13 0 0
*+ 118 75 9 9 9 9 -2 0
*" 0 91 7 5 7 5 -8 0
** 7 91 7 6 7 6 -7 0
*ç 14 91 9 13 9 13 3 0
*% 23 91 13 13 13 13 0 0
*& 36 91 12 13 12 13 0 0
*/ 48 91 8 13 8 13 0 0
*( 56 91 7 16 7 16 3 0
*) 63 91 7 16 7 16 3 0
*= 70 91 9 6 9 6 -3 0
*? 79 91 9 13 9 13 0 0
*` 88 91 5 3 5 3 -10 0
*^ 93 91 8 7 8 7 -6 0
*¦ 101 91 3 16 3 16 3 0
*@ 104 91 16 16 16 16 3 0
*# 120 91 10 13 10 13 0 0
*¬ 0 107 9 6 9 6 -4 0
*| 9 107 3 16 3 16 3 0
*¢ 12 107 9 16 9 16 3 0
*´ 21 107 5 3 5 3 -10 0
*~ 26 107 9 4 9 4 -4 0
*ö 35 107 10 13 10 13 0 0
*ä 45 107 9 13 9 13 0 0
*ü 54 107 11 13 11 13 0 0
*é 65 107 9 13 9 13 0 0
*à 74 107 9 13 9 13 0 0
*è 83 107 9 13 9 13 0 0
*Ö 92 107 12 16 12 16 0 0
*Ä 104 107 13 16 13 16 0 0
*Ü 117 107 12 16 12 16 0 0
