*A 0 0 15 13 15 13 0
*B 15 0 12 13 12 13 0
*C 27 0 13 13 13 13 0
*D 40 0 13 13 13 13 0
*E 53 0 14 13 14 13 0
*F 67 0 13 13 13 13 0
*G 80 0 14 13 14 13 0
*H 94 0 15 13 15 13 0
*I 109 0 8 13 8 13 0
*J 117 0 14 13 14 13 0
*K 131 0 16 13 16 13 0
*L 147 0 11 13 11 13 0
*M 158 0 17 13 17 13 0
*N 0 13 15 13 15 13 0
*O 15 13 14 13 14 13 0
*P 29 13 13 13 13 13 0
*Q 42 13 14 15 14 15 2
*R 56 13 13 13 13 13 0
*S 69 13 13 13 13 13 0
*T 82 13 15 13 15 13 0
*U 97 13 15 13 15 13 0
*V 112 13 15 13 15 13 0
*W 127 13 19 13 19 13 0
*X 146 13 17 13 17 13 0
*Y 0 28 13 13 13 13 0
*Z 13 28 14 13 14 13 0
*a 27 28 12 10 12 10 0
*b 39 28 12 13 12 13 0
*c 51 28 12 10 12 10 0
*d 63 28 14 13 14 13 0
*e 77 28 12 10 12 10 0
*f 89 28 9 13 9 13 0
*g 98 28 14 13 14 13 3
*h 112 28 13 13 13 13 0
*i 125 28 8 13 8 13 0
*j 133 28 11 16 11 16 3
*k 144 28 14 13 14 13 0
*l 158 28 8 13 8 13 0
*m 0 44 17 10 17 10 0
*n 17 44 13 10 13 10 0
*o 30 44 12 10 12 10 0
*p 42 44 13 13 13 13 3
*q 55 44 13 13 13 13 3
*r 68 44 10 10 10 10 0
*s 78 44 12 10 12 10 0
*t 90 44 9 14 9 14 0
*u 99 44 13 10 13 10 0
*v 112 44 12 10 12 10 0
*w 124 44 18 10 18 10 0
*x 142 44 15 10 15 10 0
*y 0 58 14 13 14 13 3
*z 14 58 11 10 11 10 0
*< 25 58 13 12 13 12 0
*> 38 58 13 12 13 12 0
*\ 51 58 4 13 4 13 0
*, 55 58 7 8 7 8 4
*; 62 58 8 14 8 14 4
*. 70 58 6 4 6 4 0
*: 76 58 7 10 7 10 0
*- 83 58 8 4 8 4 -3
*_ 91 58 11 2 11 2 2
*  102 58 6 23 6 23 5
*§ 108 58 12 16 12 16 3
*° 120 58 7 5 7 5 -8
*! 127 58 8 13 8 13 0
*] 135 58 11 16 11 16 3
*[ 146 58 11 16 11 16 3
*{ 157 58 11 16 11 16 3
*} 0 81 10 16 10 16 3
*$ 10 81 13 15 13 15 1
*£ 23 81 13 14 13 14 1
*1 36 81 10 13 10 13 0
*2 46 81 12 13 12 13 0
*3 58 81 12 13 12 13 0
*4 70 81 13 13 13 13 0
*5 83 81 13 13 13 13 0
*6 96 81 12 13 12 13 0
*7 108 81 12 13 12 13 0
*8 120 81 12 13 12 13 0
*9 132 81 12 13 12 13 0
*+ 144 81 13 10 13 10 -1
*" 157 81 11 5 11 5 -8
** 0 97 9 8 9 8 -5
*ç 9 97 12 13 12 13 3
*% 21 97 16 13 16 13 0
*& 37 97 15 14 15 14 1
*/ 52 97 8 13 8 13 0
*( 60 97 9 16 9 16 3
*) 69 97 9 16 9 16 3
*= 78 97 12 8 12 8 -2
*? 90 97 11 13 11 13 0
*` 101 97 6 3 6 3 -10
*^ 107 97 10 7 10 7 -6
*¦ 117 97 8 16 8 16 3
*@ 125 97 16 15 16 15 2
*# 141 97 15 13 15 13 0
*¬ 156 97 12 8 12 8 -2
*| 0 113 8 16 8 16 3
*¢ 8 113 12 18 12 18 4
*´ 20 113 7 3 7 3 -10
*~ 27 113 13 7 13 7 -3
*ö 40 113 12 13 12 13 0
*ä 52 113 12 13 12 13 0
*ü 64 113 13 13 13 13 0
*é 77 113 12 13 12 13 0
*à 89 113 12 13 12 13 0
*è 101 113 12 13 12 13 0
*Ö 113 113 14 16 14 16 0
*Ä 127 113 15 16 15 16 0
*Ü 142 113 15 16 15 16 0
