*A 0 0 23 24 23 24 0
*B 23 0 23 24 23 24 0
*C 46 0 22 24 22 24 0
*D 68 0 23 24 23 24 0
*E 91 0 23 24 23 24 0
*F 114 0 22 24 22 24 0
*G 136 0 23 24 23 24 0
*H 159 0 24 24 24 24 0
*I 183 0 10 24 10 24 0
*J 193 0 19 24 19 24 0
*K 212 0 25 24 25 24 0
*L 237 0 19 24 19 24 0
*M 256 0 28 24 28 24 0
*N 0 24 24 24 24 24 0
*O 24 24 23 24 23 24 0
*P 47 24 22 24 22 24 0
*Q 69 24 23 27 23 27 3
*R 92 24 24 24 24 24 0
*S 116 24 20 24 20 24 0
*T 136 24 19 24 19 24 0
*U 155 24 23 24 23 24 0
*V 178 24 23 24 23 24 0
*W 201 24 31 24 31 24 0
*X 0 51 27 24 27 24 0
*Y 27 51 22 24 22 24 0
*Z 49 51 22 24 22 24 0
*a 71 51 17 18 17 18 0
*b 88 51 19 24 19 24 0
*c 107 51 17 18 17 18 0
*d 124 51 20 24 20 24 0
*e 144 51 17 18 17 18 0
*f 161 51 14 24 14 24 0
*g 175 51 22 24 22 24 6
*h 197 51 19 24 19 24 0
*i 216 51 10 24 10 24 0
*j 226 51 15 30 15 30 6
*k 241 51 20 24 20 24 0
*l 0 81 10 24 10 24 0
*m 10 81 28 18 28 18 0
*n 38 81 19 18 19 18 0
*o 57 81 18 18 18 18 0
*p 75 81 20 24 20 24 6
*q 95 81 19 24 19 24 6
*r 114 81 15 18 15 18 0
*s 129 81 19 18 19 18 0
*t 148 81 12 23 12 23 0
*u 160 81 20 18 20 18 0
*v 180 81 19 18 19 18 0
*w 199 81 25 18 25 18 0
*x 0 105 21 18 21 18 0
*y 21 105 20 24 20 24 6
*z 41 105 17 18 17 18 0
*< 58 105 17 18 17 18 -3
*> 75 105 17 18 17 18 -3
*\ 92 105 7 24 7 24 0
*, 99 105 7 10 7 10 5
*; 106 105 11 22 11 22 5
*. 117 105 6 5 6 5 0
*: 123 105 9 17 9 17 0
*- 132 105 11 5 11 5 -6
*_ 143 105 19 4 19 4 6
*  162 105 9 37 9 37 7
*§ 171 105 18 31 18 31 7
*° 189 105 11 11 11 11 -13
*! 200 105 10 24 10 24 0
*] 210 105 15 30 15 30 6
*[ 225 105 15 30 15 30 6
*{ 240 105 15 30 15 30 6
*} 0 142 15 30 15 30 6
*$ 15 142 19 29 19 29 3
*£ 34 142 20 24 20 24 0
*1 54 142 14 24 14 24 0
*2 68 142 17 24 17 24 0
*3 85 142 18 24 18 24 0
*4 103 142 18 24 18 24 0
*5 121 142 18 24 18 24 0
*6 139 142 16 24 16 24 0
*7 155 142 17 24 17 24 0
*8 172 142 17 24 17 24 0
*9 189 142 17 24 17 24 0
*+ 206 142 17 17 17 17 -3
*" 223 142 12 9 12 9 -15
** 0 172 12 12 12 12 -12
*ç 12 172 17 24 17 24 6
*% 29 172 25 24 25 24 0
*& 54 172 21 24 21 24 0
*/ 75 172 16 24 16 24 0
*( 91 172 14 30 14 30 6
*) 105 172 14 30 14 30 6
*= 119 172 17 12 17 12 -6
*? 136 172 18 24 18 24 0
*` 154 172 7 5 7 5 -19
*^ 161 172 16 13 16 13 -11
*¦ 177 172 4 31 4 31 7
*@ 181 172 31 31 31 31 7
*# 212 172 18 24 18 24 0
*¬ 230 172 17 12 17 12 -6
*| 0 203 4 31 4 31 7
*¢ 4 203 17 30 17 30 6
*´ 21 203 8 5 8 5 -19
*~ 29 203 18 7 18 7 -8
*ö 47 203 18 24 18 24 0
*ä 65 203 18 24 18 24 0
*ü 83 203 20 24 20 24 0
*é 103 203 17 24 17 24 0
*à 120 203 17 24 17 24 0
*è 137 203 17 24 17 24 0
*Ö 154 203 23 30 23 30 0
*Ä 177 203 24 30 24 30 0
*Ü 201 203 23 30 23 30 0
