*A 0 0 14 13 14 13 0
*B 14 0 10 13 10 13 0
*C 24 0 10 13 10 13 0
*D 34 0 10 13 10 13 0
*E 44 0 10 13 10 13 0
*F 54 0 9 13 9 13 0
*G 63 0 11 13 11 13 0
*H 74 0 11 13 11 13 0
*I 85 0 4 13 4 13 0
*J 89 0 10 13 10 13 0
*K 99 0 13 13 13 13 0
*L 112 0 9 13 9 13 0
*M 121 0 13 13 13 13 0
*N 0 13 11 13 11 13 0
*O 11 13 11 13 11 13 0
*P 22 13 10 13 10 13 0
*Q 32 13 11 14 11 14 1
*R 43 13 11 13 11 13 0
*S 54 13 10 13 10 13 0
*T 64 13 12 13 12 13 0
*U 76 13 11 13 11 13 0
*V 87 13 14 13 14 13 0
*W 101 13 18 13 18 13 0
*X 119 13 14 13 14 13 0
*Y 0 27 12 13 12 13 0
*Z 12 27 10 13 10 13 0
*a 22 27 11 10 11 10 0
*b 33 27 10 13 10 13 0
*c 43 27 10 10 10 10 0
*d 53 27 10 13 10 13 0
*e 63 27 10 10 10 10 0
*f 73 27 7 13 7 13 0
*g 80 27 10 13 10 13 3
*h 90 27 10 13 10 13 0
*i 100 27 4 13 4 13 0
*j 104 27 6 16 6 16 3
*k 110 27 11 13 11 13 0
*l 121 27 4 13 4 13 0
*m 0 43 14 10 14 10 0
*n 14 43 10 10 10 10 0
*o 24 43 10 10 10 10 0
*p 34 43 10 13 10 13 3
*q 44 43 10 13 10 13 3
*r 54 43 7 10 7 10 0
*s 61 43 9 10 9 10 0
*t 70 43 7 13 7 13 0
*u 77 43 10 10 10 10 0
*v 87 43 10 10 10 10 0
*w 97 43 16 10 16 10 0
*x 113 43 12 10 12 10 0
*y 0 56 10 13 10 13 3
*z 10 56 8 10 8 10 0
*< 18 56 10 10 10 10 -1
*> 28 56 10 10 10 10 -1
*\ 38 56 5 13 5 13 0
*, 43 56 4 7 4 7 3
*; 47 56 4 13 4 13 3
*. 51 56 4 4 4 4 0
*: 55 56 4 10 4 10 0
*- 59 56 6 4 6 4 -3
*_ 65 56 9 2 9 2 2
*  74 56 5 23 5 23 5
*§ 79 56 10 16 10 16 3
*° 89 56 5 5 5 5 -8
*! 94 56 4 13 4 13 0
*] 98 56 6 16 6 16 3
*[ 104 56 6 16 6 16 3
*{ 110 56 7 16 7 16 3
*} 117 56 7 16 7 16 3
*$ 124 56 10 15 10 15 1
*£ 0 79 11 13 11 13 0
*1 11 79 7 13 7 13 0
*2 18 79 9 13 9 13 0
*3 27 79 9 13 9 13 0
*4 36 79 10 13 10 13 0
*5 46 79 9 13 9 13 0
*6 55 79 9 13 9 13 0
*7 64 79 9 13 9 13 0
*8 73 79 9 13 9 13 0
*9 82 79 9 13 9 13 0
*+ 91 79 10 10 10 10 -1
*" 101 79 8 5 8 5 -8
** 109 79 7 7 7 7 -6
*ç 0 92 10 13 10 13 3
*% 10 92 15 13 15 13 0
*& 25 92 13 13 13 13 0
*/ 38 92 5 13 5 13 0
*( 43 92 6 16 6 16 3
*) 49 92 6 16 6 16 3
*= 55 92 9 8 9 8 -2
*? 64 92 9 13 9 13 0
*` 73 92 5 3 5 3 -10
*^ 78 92 9 7 9 7 -6
*¦ 87 92 3 16 3 16 3
*@ 90 92 13 15 13 15 2
*# 103 92 12 13 12 13 0
*¬ 115 92 10 8 10 8 -2
*| 0 108 3 16 3 16 3
*¢ 3 108 10 16 10 16 3
*´ 13 108 5 3 5 3 -10
*~ 18 108 10 5 10 5 -4
*ö 28 108 10 13 10 13 0
*ä 38 108 11 13 11 13 0
*ü 49 108 10 13 10 13 0
*é 59 108 10 13 10 13 0
*à 69 108 11 13 11 13 0
*è 80 108 10 13 10 13 0
*Ö 90 108 11 16 11 16 0
*Ä 101 108 14 16 14 16 0
*Ü 115 108 11 16 11 16 0
