*A 0 0 24 24 24 24 0
*B 24 0 20 24 20 24 0
*C 44 0 21 24 21 24 0
*D 65 0 21 24 21 24 0
*E 86 0 18 24 18 24 0
*F 104 0 17 24 17 24 0
*G 121 0 23 24 23 24 0
*H 144 0 19 24 19 24 0
*I 163 0 5 24 5 24 0
*J 168 0 15 24 15 24 0
*K 183 0 22 24 22 24 0
*L 205 0 18 24 18 24 0
*M 223 0 24 24 24 24 0
*N 0 24 19 24 19 24 0
*O 19 24 23 24 23 24 0
*P 42 24 18 24 18 24 0
*Q 60 24 24 26 24 26 2
*R 84 24 21 24 21 24 0
*S 105 24 19 24 19 24 0
*T 124 24 19 24 19 24 0
*U 143 24 19 24 19 24 0
*V 162 24 22 24 22 24 0
*W 184 24 32 24 32 24 0
*X 0 50 22 24 22 24 0
*Y 22 50 23 24 23 24 0
*Z 45 50 20 24 20 24 0
*a 65 50 17 18 17 18 0
*b 82 50 17 24 17 24 0
*c 99 50 17 18 17 18 0
*d 116 50 17 24 17 24 0
*e 133 50 17 18 17 18 0
*f 150 50 11 24 11 24 0
*g 161 50 17 24 17 24 6
*h 178 50 16 24 16 24 0
*i 194 50 5 24 5 24 0
*j 199 50 9 30 9 30 6
*k 208 50 16 24 16 24 0
*l 0 80 5 24 5 24 0
*m 5 80 25 18 25 18 0
*n 30 80 16 18 16 18 0
*o 46 80 18 18 18 18 0
*p 64 80 17 24 17 24 6
*q 81 80 17 24 17 24 6
*r 98 80 11 18 11 18 0
*s 109 80 16 18 16 18 0
*t 125 80 10 24 10 24 0
*u 135 80 16 18 16 18 0
*v 151 80 18 18 18 18 0
*w 169 80 26 18 26 18 0
*x 195 80 19 18 19 18 0
*y 0 104 18 24 18 24 6
*z 18 104 15 18 15 18 0
*< 33 104 17 18 17 18 -3
*> 50 104 17 18 17 18 -3
*\ 67 104 10 24 10 24 0
*, 77 104 5 10 5 10 5
*; 82 104 5 23 5 23 5
*. 87 104 5 5 5 5 0
*: 92 104 5 18 5 18 0
*- 97 104 10 5 10 5 -6
*_ 107 104 20 4 20 4 6
*  127 104 9 37 9 37 7
*§ 136 104 17 31 17 31 7
*° 153 104 11 11 11 11 -13
*! 164 104 5 24 5 24 0
*] 169 104 9 30 9 30 6
*[ 178 104 9 30 9 30 6
*{ 187 104 11 30 11 30 6
*} 198 104 11 30 11 30 6
*$ 209 104 16 29 16 29 3
*£ 0 141 18 24 18 24 0
*0 18 141 16 24 16 24 0
*1 34 141 11 24 11 24 0
*2 45 141 16 24 16 24 0
*3 61 141 16 24 16 24 0
*4 77 141 17 24 17 24 0
*5 94 141 17 24 17 24 0
*6 111 141 16 24 16 24 0
*7 127 141 16 24 16 24 0
*8 143 141 16 24 16 24 0
*9 159 141 16 24 16 24 0
*+ 175 141 17 17 17 17 -3
*" 192 141 13 9 13 9 -15
** 205 141 12 11 12 11 -13
*ç 0 165 17 24 17 24 6
*% 17 165 24 25 24 25 1
*& 41 165 22 24 22 24 0
*/ 63 165 10 24 10 24 0
*( 73 165 9 30 9 30 6
*) 82 165 9 30 9 30 6
*= 91 165 17 12 17 12 -6
*? 108 165 18 24 18 24 0
*` 126 165 8 6 8 6 -18
*^ 134 165 17 13 17 13 -11
*¦ 151 165 4 31 4 31 7
*@ 155 165 31 31 31 31 7
*# 186 165 19 24 19 24 0
*¬ 205 165 17 12 17 12 -6
*| 0 196 4 31 4 31 7
*¢ 4 196 17 30 17 30 6
*´ 21 196 8 6 8 6 -18
*~ 29 196 18 7 18 7 -8
*ö 47 196 18 23 18 23 0
*ä 65 196 17 23 17 23 0
*ü 82 196 16 23 16 23 0
*é 98 196 17 25 17 25 0
*à 115 196 17 25 17 25 0
*è 132 196 17 25 17 25 0
*Ö 149 196 23 29 23 29 0
*Ä 172 196 24 29 24 29 0
*Ü 196 196 19 29 19 29 0
