*A 0 0 26 24 26 24 0
*B 26 0 22 24 22 24 0
*C 48 0 23 24 23 24 0
*D 71 0 22 24 22 24 0
*E 93 0 20 24 20 24 0
*F 113 0 18 24 18 24 0
*G 131 0 25 24 25 24 0
*H 156 0 23 24 23 24 0
*I 179 0 8 24 8 24 0
*J 187 0 18 24 18 24 0
*K 205 0 26 24 26 24 0
*L 231 0 18 24 18 24 0
*M 249 0 26 24 26 24 0
*N 0 24 23 24 23 24 0
*O 23 24 25 24 25 24 0
*P 48 24 20 24 20 24 0
*Q 68 24 26 26 26 26 2
*R 94 24 24 24 24 24 0
*S 118 24 22 24 22 24 0
*T 140 24 22 24 22 24 0
*U 162 24 23 24 23 24 0
*V 185 24 26 24 26 24 0
*W 211 24 34 24 34 24 0
*X 0 50 26 24 26 24 0
*Y 26 50 26 24 26 24 0
*Z 52 50 21 24 21 24 0
*a 73 50 19 18 19 18 0
*b 92 50 18 24 18 24 0
*c 110 50 19 18 19 18 0
*d 129 50 18 24 18 24 0
*e 147 50 19 18 19 18 0
*f 166 50 13 24 13 24 0
*g 179 50 18 24 18 24 6
*h 197 50 17 24 17 24 0
*i 214 50 7 24 7 24 0
*j 221 50 11 30 11 30 6
*k 232 50 20 24 20 24 0
*l 0 80 7 24 7 24 0
*m 7 80 29 18 29 18 0
*n 36 80 17 18 17 18 0
*o 53 80 19 18 19 18 0
*p 72 80 18 24 18 24 6
*q 90 80 18 24 18 24 6
*r 108 80 14 18 14 18 0
*s 122 80 19 18 19 18 0
*t 141 80 13 24 13 24 0
*u 154 80 17 18 17 18 0
*v 171 80 20 18 20 18 0
*w 191 80 32 18 32 18 0
*x 0 104 22 18 22 18 0
*y 22 104 21 24 21 24 6
*z 43 104 16 18 16 18 0
*< 59 104 18 20 18 20 -2
*> 77 104 18 20 18 20 -2
*\ 95 104 10 24 10 24 0
*, 105 104 7 13 7 13 6
*; 112 104 7 24 7 24 6
*. 119 104 7 7 7 7 0
*: 126 104 7 18 7 18 0
*- 133 104 10 6 10 6 -6
*_ 143 104 17 3 17 3 4
*  160 104 11 46 11 46 10
*§ 171 104 19 30 19 30 6
*° 190 104 8 8 8 8 -16
*! 198 104 7 24 7 24 0
*] 205 104 11 30 11 30 6
*[ 216 104 11 30 11 30 6
*{ 227 104 13 30 13 30 6
*} 240 104 13 30 13 30 6
*$ 0 150 20 29 20 29 3
*£ 20 150 20 24 20 24 0
*1 40 150 14 24 14 24 0
*2 54 150 19 24 19 24 0
*3 73 150 19 24 19 24 0
*4 92 150 21 24 21 24 0
*5 113 150 19 24 19 24 0
*6 132 150 19 24 19 24 0
*7 151 150 19 24 19 24 0
*8 170 150 19 24 19 24 0
*9 189 150 19 24 19 24 0
*+ 208 150 18 18 18 18 -3
*" 226 150 16 9 16 9 -15
** 0 179 12 13 12 13 -11
*ç 12 179 19 24 19 24 6
*% 31 179 30 24 30 24 0
*& 61 179 27 24 27 24 0
*/ 88 179 10 24 10 24 0
*( 98 179 11 30 11 30 6
*) 109 179 11 30 11 30 6
*= 120 179 18 14 18 14 -5
*? 138 179 18 24 18 24 0
*` 156 179 9 6 9 6 -18
*^ 165 179 19 14 19 14 -10
*¦ 184 179 5 30 5 30 6
*@ 189 179 25 27 25 27 3
*# 214 179 20 24 20 24 0
*¬ 234 179 18 14 18 14 -5
*| 0 209 5 30 5 30 6
*¢ 5 209 19 30 19 30 6
*´ 24 209 9 6 9 6 -18
*~ 33 209 18 9 18 9 -8
*ö 51 209 19 24 19 24 0
*ä 70 209 19 24 19 24 0
*ü 89 209 17 24 17 24 0
*é 106 209 19 25 19 25 0
*à 125 209 19 25 19 25 0
*è 144 209 19 25 19 25 0
*Ö 163 209 25 30 25 30 0
*Ä 188 209 26 30 26 30 0
*Ü 214 209 23 30 23 30 0
