*A 0 0 11 13 11 13 0
*B 11 0 10 13 10 13 0
*C 21 0 12 13 12 13 0
*D 33 0 12 13 12 13 0
*E 45 0 12 13 12 13 0
*F 57 0 11 13 11 13 0
*G 68 0 12 13 12 13 0
*H 80 0 13 13 13 13 0
*I 93 0 4 13 4 13 0
*J 97 0 7 13 7 13 0
*K 104 0 12 13 12 13 0
*L 116 0 9 13 9 13 0
*M 125 0 14 13 14 13 0
*N 0 13 11 13 11 13 0
*O 11 13 12 13 12 13 0
*P 23 13 11 13 11 13 0
*Q 34 13 12 14 12 14 1
*R 46 13 12 13 12 13 0
*S 58 13 11 13 11 13 0
*T 69 13 11 13 11 13 0
*U 80 13 12 13 12 13 0
*V 92 13 11 13 11 13 0
*W 103 13 17 13 17 13 0
*X 0 27 15 13 15 13 0
*Y 15 27 11 13 11 13 0
*Z 26 27 11 13 11 13 0
*a 37 27 8 10 8 10 0
*b 45 27 8 13 8 13 0
*c 53 27 8 10 8 10 0
*d 61 27 9 13 9 13 0
*e 70 27 8 10 8 10 0
*f 78 27 6 13 6 13 0
*g 84 27 10 13 10 13 3
*h 94 27 9 13 9 13 0
*i 103 27 4 13 4 13 0
*j 107 27 6 16 6 16 3
*k 113 27 9 13 9 13 0
*l 0 43 4 13 4 13 0
*m 4 43 13 10 13 10 0
*n 17 43 8 10 8 10 0
*o 25 43 8 10 8 10 0
*p 33 43 9 13 9 13 3
*q 42 43 8 13 8 13 3
*r 50 43 7 10 7 10 0
*s 57 43 8 10 8 10 0
*t 65 43 5 13 5 13 0
*u 70 43 9 11 9 11 0
*v 79 43 8 10 8 10 0
*w 87 43 11 10 11 10 0
*x 98 43 9 10 9 10 0
*y 0 56 10 13 10 13 3
*z 10 56 10 10 10 10 0
*< 20 56 9 8 9 8 -2
*> 29 56 9 8 9 8 -2
*\ 38 56 4 13 4 13 0
*, 42 56 3 5 3 5 3
*; 45 56 4 13 4 13 3
*. 49 56 3 2 3 2 0
*: 52 56 4 10 4 10 0
*- 56 56 5 2 5 2 -3
*_ 61 56 10 2 10 2 3
*  71 56 4 19 4 19 4
*§ 75 56 10 16 10 16 3
*° 85 56 5 5 5 5 -8
*! 90 56 4 13 4 13 0
*] 94 56 8 16 8 16 3
*[ 102 56 7 16 7 16 3
*{ 109 56 7 16 7 16 3
*} 116 56 8 16 8 16 3
*$ 0 75 9 15 9 15 1
*£ 9 75 9 13 9 13 0
*0 18 75 9 13 9 13 0
*1 27 75 7 13 7 13 0
*2 34 75 9 13 9 13 0
*3 43 75 9 13 9 13 0
*4 52 75 9 13 9 13 0
*5 61 75 10 13 10 13 0
*6 71 75 9 13 9 13 0
*7 80 75 10 13 10 13 0
*8 90 75 9 13 9 13 0
*9 99 75 9 13 9 13 0
*+ 108 75 8 8 8 8 -2
*" 0 90 7 5 7 5 -8
** 7 90 6 6 6 6 -7
*ç 13 90 8 13 8 13 3
*% 21 90 13 13 13 13 0
*& 34 90 10 13 10 13 0
*/ 44 90 8 13 8 13 0
*( 52 90 6 16 6 16 3
*) 58 90 6 16 6 16 3
*= 64 90 8 5 8 5 -3
*? 72 90 7 13 7 13 0
*` 79 90 4 3 4 3 -10
*^ 83 90 8 7 8 7 -6
*¦ 91 90 2 16 2 16 3
*@ 93 90 16 16 16 16 3
*# 109 90 10 13 10 13 0
*¬ 0 106 8 6 8 6 -3
*| 8 106 2 16 2 16 3
*¢ 10 106 9 17 9 17 4
*´ 19 106 4 3 4 3 -10
*~ 23 106 9 4 9 4 -4
*ö 32 106 8 12 8 12 0
*ä 40 106 8 12 8 12 0
*ü 48 106 9 12 9 12 0
*é 57 106 8 13 8 13 0
*à 65 106 8 13 8 13 0
*è 73 106 8 13 8 13 0
*Ö 81 106 12 15 12 15 0
*Ä 93 106 11 15 11 15 0
*Ü 104 106 12 15 12 15 0
