*A 0 0 15 13 15 13 0
*B 15 0 11 13 11 13 0
*C 26 0 11 13 11 13 0
*D 37 0 11 13 11 13 0
*E 48 0 11 13 11 13 0
*F 59 0 10 13 10 13 0
*G 69 0 12 13 12 13 0
*H 81 0 12 13 12 13 0
*I 93 0 5 13 5 13 0
*J 98 0 11 13 11 13 0
*K 109 0 14 13 14 13 0
*L 123 0 10 13 10 13 0
*M 133 0 14 13 14 13 0
*N 0 13 12 13 12 13 0
*O 12 13 12 13 12 13 0
*P 24 13 11 13 11 13 0
*Q 35 13 12 15 12 15 2
*R 47 13 12 13 12 13 0
*S 59 13 11 13 11 13 0
*T 70 13 13 13 13 13 0
*U 83 13 12 13 12 13 0
*V 95 13 15 13 15 13 0
*W 110 13 19 13 19 13 0
*X 129 13 15 13 15 13 0
*Y 0 28 13 13 13 13 0
*Z 13 28 11 13 11 13 0
*a 24 28 12 10 12 10 0
*b 36 28 11 13 11 13 0
*c 47 28 11 10 11 10 0
*d 58 28 11 13 11 13 0
*e 69 28 11 10 11 10 0
*f 80 28 8 13 8 13 0
*g 88 28 11 13 11 13 3
*h 99 28 11 13 11 13 0
*i 110 28 5 13 5 13 0
*j 115 28 7 16 7 16 3
*k 122 28 12 13 12 13 0
*l 134 28 5 13 5 13 0
*m 0 44 15 10 15 10 0
*n 15 44 11 10 11 10 0
*o 26 44 11 10 11 10 0
*p 37 44 11 13 11 13 3
*q 48 44 11 13 11 13 3
*r 59 44 8 10 8 10 0
*s 67 44 10 10 10 10 0
*t 77 44 8 14 8 14 0
*u 85 44 11 10 11 10 0
*v 96 44 11 10 11 10 0
*w 107 44 17 10 17 10 0
*x 124 44 13 10 13 10 0
*y 0 58 11 13 11 13 3
*z 11 58 9 10 9 10 0
*< 20 58 11 12 11 12 0
*> 31 58 11 12 11 12 0
*\ 42 58 6 13 6 13 0
*, 48 58 5 8 5 8 4
*; 53 58 5 14 5 14 4
*. 58 58 5 4 5 4 0
*: 63 58 5 10 5 10 0
*- 68 58 7 4 7 4 -3
*_ 75 58 10 2 10 2 2
*  85 58 6 23 6 23 5
*§ 91 58 11 16 11 16 3
*° 102 58 6 5 6 5 -8
*! 108 58 5 13 5 13 0
*] 113 58 7 16 7 16 3
*[ 120 58 7 16 7 16 3
*{ 127 58 8 16 8 16 3
*} 135 58 8 16 8 16 3
*$ 0 81 11 15 11 15 1
*£ 11 81 12 14 12 14 1
*1 23 81 8 13 8 13 0
*2 31 81 10 13 10 13 0
*3 41 81 10 13 10 13 0
*4 51 81 11 13 11 13 0
*5 62 81 10 13 10 13 0
*6 72 81 10 13 10 13 0
*7 82 81 10 13 10 13 0
*8 92 81 10 13 10 13 0
*9 102 81 10 13 10 13 0
*+ 112 81 11 10 11 10 -1
*" 123 81 9 5 9 5 -8
** 132 81 8 8 8 8 -5
*ç 0 96 11 13 11 13 3
*% 11 96 16 13 16 13 0
*& 27 96 14 14 14 14 1
*/ 41 96 6 13 6 13 0
*( 47 96 7 16 7 16 3
*) 54 96 7 16 7 16 3
*= 61 96 10 8 10 8 -2
*? 71 96 10 13 10 13 0
*` 81 96 6 3 6 3 -10
*^ 87 96 10 7 10 7 -6
*¦ 97 96 4 16 4 16 3
*@ 101 96 14 15 14 15 2
*# 115 96 13 13 13 13 0
*¬ 128 96 11 8 11 8 -2
*| 0 112 4 16 4 16 3
*¢ 4 112 11 18 11 18 4
*´ 15 112 6 3 6 3 -10
*~ 21 112 11 7 11 7 -3
*ö 32 112 11 13 11 13 0
*ä 43 112 12 13 12 13 0
*ü 55 112 11 13 11 13 0
*é 66 112 11 13 11 13 0
*à 77 112 12 13 12 13 0
*è 89 112 11 13 11 13 0
*Ö 100 112 12 16 12 16 0
*Ä 112 112 15 16 15 16 0
*Ü 127 112 12 16 12 16 0
