*A 0 0 43 47 43 47 0
*B 43 0 40 47 40 47 0
*C 83 0 42 49 42 49 1
*D 125 0 43 47 43 47 0
*E 168 0 43 47 43 47 0
*F 211 0 41 47 41 47 0
*G 252 0 44 49 44 49 1
*H 296 0 48 47 48 47 0
*I 344 0 18 47 18 47 0
*J 362 0 34 48 34 48 1
*K 396 0 46 47 46 47 0
*L 442 0 32 47 32 47 0
*M 0 49 55 47 55 47 0
*N 55 49 47 47 47 47 0
*O 102 49 44 49 44 49 1
*P 146 49 43 47 43 47 0
*Q 189 49 44 56 44 56 8
*R 233 49 45 47 45 47 0
*S 278 49 40 49 40 49 1
*T 318 49 39 47 39 47 0
*U 357 49 45 48 45 48 1
*V 402 49 43 47 43 47 0
*W 0 105 64 47 64 47 0
*X 64 105 55 47 55 47 0
*Y 119 105 44 47 44 47 0
*Z 163 105 40 47 40 47 0
*a 203 105 32 37 32 37 1
*b 235 105 33 48 33 48 1
*c 268 105 31 37 31 37 1
*d 299 105 37 48 37 48 1
*e 336 105 32 37 32 37 1
*f 368 105 25 48 25 48 0
*g 393 105 37 49 37 49 13
*h 430 105 34 47 34 47 0
*i 0 154 18 47 18 47 0
*j 18 154 27 60 27 60 13
*k 45 154 35 47 35 47 0
*l 80 154 18 47 18 47 0
*m 98 154 51 36 51 36 0
*n 149 154 34 36 34 36 0
*o 183 154 33 37 33 37 1
*p 216 154 36 49 36 49 13
*q 252 154 35 49 35 49 13
*r 287 154 27 36 27 36 0
*s 314 154 31 37 31 37 1
*t 345 154 19 48 19 48 1
*u 364 154 34 36 34 36 1
*v 398 154 33 35 33 35 0
*w 0 214 47 35 47 35 0
*x 47 214 35 35 35 35 0
*y 82 214 38 48 38 48 13
*z 120 214 31 35 31 35 0
*< 151 214 30 32 30 32 -7
*> 181 214 30 32 30 32 -7
*\ 211 214 15 47 15 47 0
*, 226 214 11 16 11 16 9
*; 237 214 17 44 17 44 9
*. 254 214 9 7 9 7 0
*: 263 214 15 35 15 35 0
*- 278 214 20 7 20 7 -14
*_ 298 214 39 7 39 7 13
*  337 214 18 72 18 72 13
*§ 355 214 35 61 35 61 13
*° 390 214 18 18 18 18 -30
*! 408 214 16 47 16 47 0
*] 424 214 28 60 28 60 13
*[ 452 214 26 60 26 60 13
*{ 0 286 28 61 28 61 13
*} 28 286 26 61 26 61 13
*$ 54 286 35 54 35 54 5
*£ 89 286 37 49 37 49 1
*1 126 286 24 47 24 47 0
*2 150 286 34 47 34 47 0
*3 184 286 34 48 34 48 1
*4 218 286 34 46 34 46 0
*5 252 286 34 47 34 47 1
*6 286 286 32 48 32 48 1
*7 318 286 33 46 33 46 0
*8 351 286 33 48 33 48 1
*9 384 286 32 48 32 48 1
*+ 416 286 31 31 31 31 -7
*" 0 347 19 17 19 17 -30
** 19 347 23 20 23 20 -27
*ç 42 347 31 49 31 49 13
*% 73 347 49 50 49 50 2
*& 122 347 36 49 36 49 1
*/ 158 347 31 47 31 47 0
*( 189 347 22 60 22 60 13
*) 211 347 22 60 22 60 13
*= 233 347 30 20 30 20 -13
*? 263 347 29 48 29 48 0
*` 292 347 12 10 12 10 -37
*^ 304 347 27 26 27 26 -22
*¦ 331 347 7 60 7 60 13
*@ 338 347 60 61 60 61 13
*# 398 347 35 47 35 47 0
*¬ 433 347 30 20 30 20 -13
*| 0 408 7 60 7 60 13
*¢ 7 408 30 61 30 61 13
*´ 37 408 13 10 13 10 -37
*~ 50 408 33 12 33 12 -17
*ö 83 408 33 45 33 45 1
*ä 116 408 32 45 32 45 1
*ü 148 408 34 45 34 45 1
*é 182 408 32 48 32 48 1
*à 214 408 32 48 32 48 1
*è 246 408 32 48 32 48 1
*Ö 278 408 44 57 44 57 1
*Ä 322 408 43 56 43 56 0
*Ü 365 408 45 57 45 57 1
