*A 0 0 11 13 11 13 0 0
*B 11 0 10 13 10 13 0 0
*C 21 0 11 13 11 13 0 0
*D 32 0 11 13 11 13 0 0
*E 43 0 10 13 10 13 0 0
*F 53 0 9 13 9 13 0 0
*G 62 0 11 13 11 13 0 0
*H 73 0 10 13 10 13 0 0
*I 83 0 2 13 2 13 0 0
*J 85 0 7 13 7 13 0 0
*K 92 0 10 13 10 13 0 0
*L 102 0 8 13 8 13 0 0
*M 0 13 12 13 12 13 0 0
*N 12 13 10 13 10 13 0 0
*O 22 13 11 13 11 13 0 0
*P 33 13 10 13 10 13 0 0
*Q 43 13 11 14 11 14 1 0
*R 54 13 10 13 10 13 0 0
*S 64 13 10 13 10 13 0 0
*T 74 13 10 13 10 13 0 0
*U 84 13 10 13 10 13 0 0
*V 94 13 12 13 12 13 0 0
*W 0 27 16 13 16 13 0 0
*X 16 27 12 13 12 13 0 0
*Y 28 27 10 13 10 13 0 0
*Z 38 27 10 13 10 13 0 0
*a 48 27 8 10 8 10 0 0
*b 56 27 8 13 8 13 0 0
*c 64 27 7 10 7 10 0 0
*d 71 27 8 13 8 13 0 0
*e 79 27 8 10 8 10 0 0
*f 87 27 6 13 6 13 0 0
*g 93 27 8 13 8 13 3 0
*h 101 27 7 13 7 13 0 0
*i 0 40 2 13 2 13 0 0
*j 2 40 4 16 4 16 3 0
*k 6 40 9 13 9 13 0 0
*l 15 40 2 13 2 13 0 0
*m 17 40 12 10 12 10 0 0
*n 29 40 7 10 7 10 0 0
*o 36 40 8 10 8 10 0 0
*p 44 40 8 13 8 13 3 0
*q 52 40 8 13 8 13 3 0
*r 60 40 5 10 5 10 0 0
*s 65 40 7 10 7 10 0 0
*t 72 40 5 13 5 13 0 0
*u 77 40 7 10 7 10 0 0
*v 84 40 9 10 9 10 0 0
*w 93 40 12 10 12 10 0 0
*x 0 56 8 10 8 10 0 0
*y 8 56 9 13 9 13 3 0
*z 17 56 8 10 8 10 0 0
*< 25 56 8 8 8 8 -2 0
*> 33 56 8 8 8 8 -2 0
*\ 41 56 5 13 5 13 0 0
*, 46 56 2 5 2 5 3 0
*; 48 56 2 13 2 13 3 0
*. 50 56 2 2 2 2 0 0
*: 52 56 2 10 2 10 0 0
*- 54 56 5 2 5 2 -3 0
*_ 59 56 10 2 10 2 3 0
*  69 56 4 19 4 19 4 0
*§ 73 56 9 16 9 16 3 0
*° 82 56 5 5 5 5 -8 0
*! 87 56 2 13 2 13 0 0
*] 89 56 4 16 4 16 3 0
*[ 93 56 4 16 4 16 3 0
*{ 97 56 6 16 6 16 3 0
*} 103 56 6 16 6 16 3 0
*$ 0 75 8 15 8 15 1 0
*£ 8 75 9 13 9 13 0 0
*0 17 75 8 13 8 13 0 0
*1 25 75 5 13 5 13 0 0
*2 30 75 8 13 8 13 0 0
*3 38 75 8 13 8 13 0 0
*4 46 75 9 13 9 13 0 0
*5 55 75 8 13 8 13 0 0
*6 63 75 8 13 8 13 0 0
*7 71 75 7 13 7 13 0 0
*8 78 75 8 13 8 13 0 0
*9 86 75 8 13 8 13 0 0
*+ 94 75 8 8 8 8 -2 0
*" 102 75 5 5 5 5 -8 0
** 0 90 6 6 6 6 -7 0
*ç 6 90 7 13 7 13 3 0
*% 13 90 13 13 13 13 0 0
*& 26 90 11 13 11 13 0 0
*/ 37 90 5 13 5 13 0 0
*( 42 90 4 16 4 16 3 0
*) 46 90 4 16 4 16 3 0
*= 50 90 8 6 8 6 -3 0
*? 58 90 8 13 8 13 0 0
*` 66 90 3 3 3 3 -10 0
*^ 69 90 8 7 8 7 -6 0
*¦ 77 90 2 16 2 16 3 0
*@ 79 90 16 16 16 16 3 0
*# 95 90 10 13 10 13 0 0
*¬ 105 90 8 6 8 6 -3 0
*| 0 106 2 16 2 16 3 0
*¢ 2 106 8 17 8 17 4 0
*´ 10 106 3 3 3 3 -10 0
*~ 13 106 9 3 9 3 -5 0
*ö 22 106 8 12 8 12 0 0
*ä 30 106 8 12 8 12 0 0
*ü 38 106 7 12 7 12 0 0
*é 45 106 8 13 8 13 0 0
*à 53 106 8 13 8 13 0 0
*è 61 106 8 13 8 13 0 0
*Ö 69 106 11 15 11 15 0 0
*Ä 80 106 11 15 11 15 0 0
*Ü 91 106 10 15 10 15 0 0
