*A 0 0 27 24 27 24 0
*B 27 0 23 24 23 24 0
*C 50 0 24 24 24 24 0
*D 74 0 23 24 23 24 0
*E 97 0 21 24 21 24 0
*F 118 0 19 24 19 24 0
*G 137 0 26 24 26 24 0
*H 163 0 24 24 24 24 0
*I 187 0 9 24 9 24 0
*J 196 0 19 24 19 24 0
*K 215 0 27 24 27 24 0
*L 242 0 19 24 19 24 0
*M 261 0 27 24 27 24 0
*N 0 24 24 24 24 24 0
*O 24 24 26 24 26 24 0
*P 50 24 21 24 21 24 0
*Q 71 24 27 27 27 27 3
*R 98 24 25 24 25 24 0
*S 123 24 23 24 23 24 0
*T 146 24 23 24 23 24 0
*U 169 24 24 24 24 24 0
*V 193 24 27 24 27 24 0
*W 220 24 35 24 35 24 0
*X 0 51 27 24 27 24 0
*Y 27 51 27 24 27 24 0
*Z 54 51 22 24 22 24 0
*a 76 51 20 18 20 18 0
*b 96 51 19 24 19 24 0
*c 115 51 20 18 20 18 0
*d 135 51 19 24 19 24 0
*e 154 51 20 18 20 18 0
*f 174 51 14 24 14 24 0
*g 188 51 19 24 19 24 6
*h 207 51 18 24 18 24 0
*i 225 51 8 24 8 24 0
*j 233 51 12 30 12 30 6
*k 245 51 21 24 21 24 0
*l 0 81 8 24 8 24 0
*m 8 81 30 18 30 18 0
*n 38 81 18 18 18 18 0
*o 56 81 20 18 20 18 0
*p 76 81 19 24 19 24 6
*q 95 81 19 24 19 24 6
*r 114 81 15 18 15 18 0
*s 129 81 20 18 20 18 0
*t 149 81 14 25 14 25 0
*u 163 81 18 18 18 18 0
*v 181 81 21 18 21 18 0
*w 202 81 33 18 33 18 0
*x 235 81 23 18 23 18 0
*y 0 106 22 24 22 24 6
*z 22 106 17 18 17 18 0
*< 39 106 19 22 19 22 -1
*> 58 106 19 22 19 22 -1
*\ 77 106 11 24 11 24 0
*, 88 106 8 14 8 14 7
*; 96 106 8 25 8 25 7
*. 104 106 8 7 8 7 0
*: 112 106 8 18 8 18 0
*- 120 106 11 6 11 6 -6
*_ 131 106 18 3 18 3 4
*  149 106 13 46 13 46 10
*§ 162 106 20 30 20 30 6
*° 182 106 9 8 9 8 -16
*! 191 106 8 24 8 24 0
*] 199 106 12 30 12 30 6
*[ 211 106 12 30 12 30 6
*{ 223 106 14 30 14 30 6
*} 237 106 14 30 14 30 6
*$ 251 106 21 29 21 29 3
*£ 0 152 21 25 21 25 1
*1 21 152 15 24 15 24 0
*2 36 152 20 24 20 24 0
*3 56 152 20 24 20 24 0
*4 76 152 22 24 22 24 0
*5 98 152 20 24 20 24 0
*6 118 152 20 24 20 24 0
*7 138 152 20 24 20 24 0
*8 158 152 20 24 20 24 0
*9 178 152 20 24 20 24 0
*+ 198 152 19 18 19 18 -3
*" 217 152 17 9 17 9 -15
** 234 152 13 14 13 14 -10
*ç 0 177 20 24 20 24 6
*% 20 177 31 24 31 24 0
*& 51 177 28 25 28 25 1
*/ 79 177 11 24 11 24 0
*( 90 177 12 30 12 30 6
*) 102 177 12 30 12 30 6
*= 114 177 19 14 19 14 -5
*? 133 177 19 24 19 24 0
*` 152 177 10 6 10 6 -18
*^ 162 177 20 14 20 14 -10
*¦ 182 177 6 30 6 30 6
*@ 188 177 26 27 26 27 3
*# 214 177 21 24 21 24 0
*¬ 235 177 19 14 19 14 -5
*| 0 207 6 30 6 30 6
*¢ 6 207 20 32 20 32 7
*´ 26 207 10 6 10 6 -18
*~ 36 207 19 11 19 11 -7
*ö 55 207 20 24 20 24 0
*ä 75 207 20 24 20 24 0
*ü 95 207 18 24 18 24 0
*é 113 207 20 25 20 25 0
*à 133 207 20 25 20 25 0
*è 153 207 20 25 20 25 0
*Ö 173 207 26 30 26 30 0
*Ä 199 207 27 30 27 30 0
*Ü 226 207 24 30 24 30 0
