*A 0 0 14 13 14 13 0
*B 14 0 11 13 11 13 0
*C 25 0 12 13 12 13 0
*D 37 0 12 13 12 13 0
*E 49 0 13 13 13 13 0
*F 62 0 12 13 12 13 0
*G 74 0 13 13 13 13 0
*H 87 0 14 13 14 13 0
*I 101 0 7 13 7 13 0
*J 108 0 13 13 13 13 0
*K 121 0 15 13 15 13 0
*L 136 0 10 13 10 13 0
*M 146 0 16 13 16 13 0
*N 0 13 14 13 14 13 0
*O 14 13 13 13 13 13 0
*P 27 13 12 13 12 13 0
*Q 39 13 13 14 13 14 1
*R 52 13 12 13 12 13 0
*S 64 13 12 13 12 13 0
*T 76 13 14 13 14 13 0
*U 90 13 14 13 14 13 0
*V 104 13 14 13 14 13 0
*W 118 13 18 13 18 13 0
*X 136 13 16 13 16 13 0
*Y 0 27 12 13 12 13 0
*Z 12 27 13 13 13 13 0
*a 25 27 11 10 11 10 0
*b 36 27 11 13 11 13 0
*c 47 27 11 10 11 10 0
*d 58 27 13 13 13 13 0
*e 71 27 11 10 11 10 0
*f 82 27 8 13 8 13 0
*g 90 27 13 13 13 13 3
*h 103 27 12 13 12 13 0
*i 115 27 7 13 7 13 0
*j 122 27 10 16 10 16 3
*k 132 27 13 13 13 13 0
*l 145 27 7 13 7 13 0
*m 0 43 16 10 16 10 0
*n 16 43 12 10 12 10 0
*o 28 43 11 10 11 10 0
*p 39 43 12 13 12 13 3
*q 51 43 12 13 12 13 3
*r 63 43 9 10 9 10 0
*s 72 43 11 10 11 10 0
*t 83 43 8 13 8 13 0
*u 91 43 12 10 12 10 0
*v 103 43 11 10 11 10 0
*w 114 43 17 10 17 10 0
*x 131 43 14 10 14 10 0
*y 0 56 13 13 13 13 3
*z 13 56 10 10 10 10 0
*< 23 56 12 10 12 10 -1
*> 35 56 12 10 12 10 -1
*\ 47 56 3 13 3 13 0
*, 50 56 6 7 6 7 3
*; 56 56 7 13 7 13 3
*. 63 56 5 4 5 4 0
*: 68 56 6 10 6 10 0
*- 74 56 7 4 7 4 -3
*_ 81 56 10 2 10 2 2
*  91 56 5 23 5 23 5
*§ 96 56 11 16 11 16 3
*° 107 56 6 5 6 5 -8
*! 113 56 7 13 7 13 0
*] 120 56 10 16 10 16 3
*[ 130 56 10 16 10 16 3
*{ 140 56 10 16 10 16 3
*} 150 56 9 16 9 16 3
*$ 0 79 12 15 12 15 1
*£ 12 79 12 13 12 13 0
*1 24 79 9 13 9 13 0
*2 33 79 11 13 11 13 0
*3 44 79 11 13 11 13 0
*4 55 79 12 13 12 13 0
*5 67 79 12 13 12 13 0
*6 79 79 11 13 11 13 0
*7 90 79 11 13 11 13 0
*8 101 79 11 13 11 13 0
*9 112 79 11 13 11 13 0
*+ 123 79 12 10 12 10 -1
*" 135 79 10 5 10 5 -8
** 0 94 8 7 8 7 -6
*ç 8 94 11 13 11 13 3
*% 19 94 15 13 15 13 0
*& 34 94 14 13 14 13 0
*/ 48 94 7 13 7 13 0
*( 55 94 8 16 8 16 3
*) 63 94 8 16 8 16 3
*= 71 94 11 8 11 8 -2
*? 82 94 10 13 10 13 0
*` 92 94 5 3 5 3 -10
*^ 97 94 9 7 9 7 -6
*¦ 106 94 7 16 7 16 3
*@ 113 94 15 15 15 15 2
*# 128 94 14 13 14 13 0
*¬ 142 94 11 8 11 8 -2
*| 0 110 7 16 7 16 3
*¢ 7 110 11 16 11 16 3
*´ 18 110 6 3 6 3 -10
*~ 24 110 12 5 12 5 -4
*ö 36 110 11 13 11 13 0
*ä 47 110 11 13 11 13 0
*ü 58 110 12 13 12 13 0
*é 70 110 11 13 11 13 0
*à 81 110 11 13 11 13 0
*è 92 110 11 13 11 13 0
*Ö 103 110 13 16 13 16 0
*Ä 116 110 14 16 14 16 0
*Ü 130 110 14 16 14 16 0
