*A 0 0 46 47 46 47 0 2
*B 46 0 36 47 36 47 0 2
*C 82 0 41 49 41 49 1 2
*D 123 0 39 47 39 47 0 2
*E 162 0 36 47 36 47 0 2
*F 198 0 32 47 32 47 0 2
*G 230 0 44 49 44 49 1 2
*H 274 0 37 47 37 47 0 2
*I 311 0 7 47 7 47 0 2
*J 318 0 26 48 26 48 1 2
*K 344 0 39 47 39 47 0 2
*L 383 0 30 47 30 47 0 2
*M 0 49 44 47 44 47 0 2
*N 44 49 37 47 37 47 0 2
*O 81 49 45 49 45 49 1 2
*P 126 49 36 47 36 47 0 2
*Q 162 49 45 52 45 52 4 2
*R 207 49 40 47 40 47 0 2
*S 247 49 38 49 38 49 1 2
*T 285 49 37 47 37 47 0 2
*U 322 49 37 48 37 48 1 2
*V 359 49 46 47 46 47 0 2
*W 0 101 64 47 64 47 0 2
*X 64 101 42 47 42 47 0 2
*Y 106 101 43 47 43 47 0 2
*Z 149 101 37 47 37 47 0 2
*a 186 101 31 37 31 37 1 2
*b 217 101 30 48 30 48 1 2
*c 247 101 30 37 30 37 1 2
*d 277 101 30 48 30 48 1 2
*e 307 101 32 37 32 37 1 2
*f 339 101 21 48 21 48 0 2
*g 360 101 30 49 30 49 13 2
*h 390 101 29 47 29 47 0 2
*i 0 150 7 47 7 47 0 2
*j 7 150 14 60 14 60 13 2
*k 21 150 29 47 29 47 0 2
*l 50 150 7 47 7 47 0 2
*m 57 150 47 36 47 36 0 2
*n 104 150 29 36 29 36 0 2
*o 133 150 31 37 31 37 1 2
*p 164 150 30 49 30 49 13 2
*q 194 150 30 49 30 49 13 2
*r 224 150 19 36 19 36 0 2
*s 243 150 28 37 28 37 1 2
*t 271 150 17 48 17 48 1 2
*u 288 150 29 36 29 36 1 2
*v 317 150 32 35 32 35 0 2
*w 349 150 50 35 50 35 0 2
*x 0 210 32 35 32 35 0 2
*y 32 210 33 48 33 48 13 2
*z 65 210 30 35 30 35 0 2
*< 95 210 30 32 30 32 -7 2
*> 125 210 30 32 30 32 -7 2
*\ 155 210 20 47 20 47 0 2
*, 175 210 7 16 7 16 9 2
*; 182 210 7 44 7 44 9 2
*. 189 210 7 7 7 7 0 2
*: 196 210 7 35 7 35 0 2
*- 203 210 18 6 18 6 -14 2
*_ 221 210 38 6 38 6 13 2
*  259 210 18 72 18 72 13 2
*§ 277 210 31 61 31 61 13 2
*° 308 210 18 18 18 18 -30 2
*! 326 210 7 47 7 47 0 2
*] 333 210 13 60 13 60 13 2
*[ 346 210 13 60 13 60 13 2
*{ 359 210 19 61 19 61 13 2
*} 378 210 19 61 19 61 13 2
*$ 397 210 31 56 31 56 7 2
*£ 0 282 34 49 34 49 1 2
*0 34 282 31 48 31 48 1 2
*1 65 282 18 47 18 47 0 2
*2 83 282 31 47 31 47 0 2
*3 114 282 31 48 31 48 1 2
*4 145 282 33 46 33 46 0 2
*5 178 282 31 47 31 47 1 2
*6 209 282 32 48 32 48 1 2
*7 241 282 31 46 31 46 0 2
*8 272 282 31 48 31 48 1 2
*9 303 282 31 48 31 48 1 2
*+ 334 282 32 32 32 32 -7 2
*" 366 282 18 17 18 17 -30 2
** 384 282 22 20 22 20 -27 2
*ç 0 331 30 49 30 49 13 2
*% 30 331 50 49 50 49 1 2
*& 80 331 40 49 40 49 1 2
*/ 120 331 20 47 20 47 0 2
*( 140 331 17 60 17 60 13 2
*) 157 331 17 60 17 60 13 2
*= 174 331 31 20 31 20 -13 2
*? 205 331 31 48 31 48 0 2
*` 236 331 12 10 12 10 -37 2
*^ 248 331 26 26 26 26 -22 2
*¦ 274 331 6 60 6 60 13 2
*@ 280 331 60 61 60 61 13 2
*# 340 331 36 47 36 47 0 2
*¬ 376 331 31 20 31 20 -13 2
*| 0 392 6 60 6 60 13 2
*¢ 6 392 30 60 30 60 13 2
*´ 36 392 12 10 12 10 -36 2
*~ 48 392 33 12 33 12 -17 2
*ö 81 392 31 45 31 45 1 2
*ä 112 392 31 45 31 45 1 2
*ü 143 392 29 45 29 45 1 2
*é 172 392 32 48 32 48 1 2
*à 204 392 31 48 31 48 1 2
*è 235 392 32 48 32 48 1 2
*Ö 267 392 45 57 45 57 1 2
*Ä 312 392 46 56 46 56 0 2
*Ü 358 392 37 57 37 57 1 2
