*A 0 0 27 24 27 24 0
*B 27 0 26 24 26 24 0
*C 53 0 26 24 26 24 0
*D 79 0 26 24 26 24 0
*E 105 0 25 24 25 24 0
*F 130 0 23 24 23 24 0
*G 153 0 28 24 28 24 0
*H 181 0 28 24 28 24 0
*I 209 0 13 24 13 24 0
*J 222 0 22 24 22 24 0
*K 244 0 31 24 31 24 0
*L 275 0 20 24 20 24 0
*M 295 0 31 24 31 24 0
*N 0 24 28 24 28 24 0
*O 28 24 28 24 28 24 0
*P 56 24 24 24 24 24 0
*Q 80 24 28 27 28 27 3
*R 108 24 26 24 26 24 0
*S 134 24 24 24 24 24 0
*T 158 24 24 24 24 24 0
*U 182 24 27 24 27 24 0
*V 209 24 27 24 27 24 0
*W 236 24 35 24 35 24 0
*X 0 51 30 24 30 24 0
*Y 30 51 27 24 27 24 0
*Z 57 51 26 24 26 24 0
*a 83 51 21 18 21 18 0
*b 104 51 21 24 21 24 0
*c 125 51 22 18 22 18 0
*d 147 51 22 24 22 24 0
*e 169 51 21 18 21 18 0
*f 190 51 16 24 16 24 0
*g 206 51 23 24 23 24 6
*h 229 51 20 24 20 24 0
*i 249 51 12 24 12 24 0
*j 261 51 17 30 17 30 6
*k 278 51 24 24 24 24 0
*l 0 81 12 24 12 24 0
*m 12 81 32 18 32 18 0
*n 44 81 20 18 20 18 0
*o 64 81 21 18 21 18 0
*p 85 81 22 24 22 24 6
*q 107 81 21 24 21 24 6
*r 128 81 18 18 18 18 0
*s 146 81 22 18 22 18 0
*t 168 81 15 25 15 25 0
*u 183 81 21 18 21 18 0
*v 204 81 21 18 21 18 0
*w 225 81 33 18 33 18 0
*x 258 81 26 18 26 18 0
*y 0 106 25 24 25 24 6
*z 25 106 19 18 19 18 0
*< 44 106 22 22 22 22 -1
*> 66 106 22 22 22 22 -1
*\ 88 106 7 24 7 24 0
*, 95 106 10 14 10 14 7
*; 105 106 12 25 12 25 7
*. 117 106 9 7 9 7 0
*: 126 106 11 18 11 18 0
*- 137 106 12 6 12 6 -6
*_ 149 106 19 3 19 3 4
*  168 106 13 46 13 46 10
*§ 181 106 22 30 22 30 6
*° 203 106 10 8 10 8 -16
*! 213 106 12 24 12 24 0
*] 225 106 17 30 17 30 6
*[ 242 106 17 30 17 30 6
*{ 259 106 17 30 17 30 6
*} 276 106 17 30 17 30 6
*$ 0 152 22 29 22 29 3
*£ 22 152 23 25 23 25 1
*1 45 152 17 24 17 24 0
*2 62 152 23 24 23 24 0
*3 85 152 22 24 22 24 0
*4 107 152 24 24 24 24 0
*5 131 152 22 24 22 24 0
*6 153 152 23 24 23 24 0
*7 176 152 21 24 21 24 0
*8 197 152 22 24 22 24 0
*9 219 152 22 24 22 24 0
*+ 241 152 21 18 21 18 -3
*" 262 152 18 9 18 9 -15
** 0 181 13 14 13 14 -10
*ç 13 181 22 24 22 24 6
*% 35 181 31 24 31 24 0
*& 66 181 28 25 28 25 1
*/ 94 181 15 24 15 24 0
*( 109 181 15 30 15 30 6
*) 124 181 15 30 15 30 6
*= 139 181 23 14 23 14 -5
*? 162 181 20 24 20 24 0
*` 182 181 10 6 10 6 -18
*^ 192 181 21 14 21 14 -10
*¦ 213 181 11 30 11 30 6
*@ 224 181 28 27 28 27 3
*# 252 181 23 24 23 24 0
*¬ 275 181 21 14 21 14 -5
*| 0 211 11 30 11 30 6
*¢ 11 211 21 32 21 32 7
*´ 32 211 11 6 11 6 -18
*~ 43 211 21 11 21 11 -7
*ö 64 211 21 24 21 24 0
*ä 85 211 21 24 21 24 0
*ü 106 211 21 24 21 24 0
*é 127 211 21 25 21 25 0
*à 148 211 21 25 21 25 0
*è 169 211 21 25 21 25 0
*Ö 190 211 28 30 28 30 0
*Ä 218 211 27 30 27 30 0
*Ü 245 211 27 30 27 30 0
