*A 0 0 22 24 22 24 0 1
*B 22 0 18 24 18 24 0 1
*C 40 0 22 24 22 24 0 1
*D 62 0 20 24 20 24 0 1
*E 82 0 17 24 17 24 0 1
*F 99 0 17 24 17 24 0 1
*G 116 0 23 24 23 24 0 1
*H 139 0 18 24 18 24 0 1
*I 157 0 4 24 4 24 0 1
*J 161 0 13 24 13 24 0 1
*K 174 0 20 24 20 24 0 1
*L 194 0 15 24 15 24 0 1
*M 209 0 22 24 22 24 0 1
*N 0 24 18 24 18 24 0 1
*O 18 24 24 24 24 24 0 1
*P 42 24 18 24 18 24 0 1
*Q 60 24 24 26 24 26 2 1
*R 84 24 20 24 20 24 0 1
*S 104 24 19 24 19 24 0 1
*T 123 24 20 24 20 24 0 1
*U 143 24 18 24 18 24 0 1
*V 161 24 22 24 22 24 0 1
*W 183 24 32 24 32 24 0 1
*X 0 50 22 24 22 24 0 1
*Y 22 50 22 24 22 24 0 1
*Z 44 50 20 24 20 24 0 1
*a 64 50 16 18 16 18 0 1
*b 80 50 15 24 15 24 0 1
*c 95 50 15 18 15 18 0 1
*d 110 50 15 24 15 24 0 1
*e 125 50 16 18 16 18 0 1
*f 141 50 11 24 11 24 0 1
*g 152 50 15 24 15 24 6 1
*h 167 50 15 24 15 24 0 1
*i 182 50 4 24 4 24 0 1
*j 186 50 8 30 8 30 6 1
*k 194 50 15 24 15 24 0 1
*l 0 80 4 24 4 24 0 1
*m 4 80 24 18 24 18 0 1
*n 28 80 15 18 15 18 0 1
*o 43 80 16 18 16 18 0 1
*p 59 80 15 24 15 24 6 1
*q 74 80 15 24 15 24 6 1
*r 89 80 10 18 10 18 0 1
*s 99 80 15 18 15 18 0 1
*t 114 80 9 24 9 24 0 1
*u 123 80 15 18 15 18 0 1
*v 138 80 16 18 16 18 0 1
*w 154 80 26 18 26 18 0 1
*x 180 80 15 18 15 18 0 1
*y 0 104 16 24 16 24 6 1
*z 16 104 15 18 15 18 0 1
*< 31 104 16 16 16 16 -4 1
*> 47 104 16 16 16 16 -4 1
*\ 63 104 10 24 10 24 0 1
*, 73 104 4 9 4 9 5 1
*; 77 104 4 23 4 23 5 1
*. 81 104 4 4 4 4 0 1
*: 85 104 4 18 4 18 0 1
*- 89 104 10 4 10 4 -7 1
*_ 99 104 20 4 20 4 6 1
*  119 104 9 37 9 37 7 1
*§ 128 104 16 31 16 31 7 1
*° 144 104 10 10 10 10 -14 1
*! 154 104 4 24 4 24 0 1
*] 158 104 7 30 7 30 6 1
*[ 165 104 7 30 7 30 6 1
*{ 172 104 10 30 10 30 6 1
*} 182 104 10 30 10 30 6 1
*$ 192 104 17 28 17 28 3 1
*£ 209 104 18 24 18 24 0 1
*0 0 141 17 24 17 24 0 1
*1 17 141 10 24 10 24 0 1
*2 27 141 16 24 16 24 0 1
*3 43 141 17 24 17 24 0 1
*4 60 141 17 24 17 24 0 1
*5 77 141 17 24 17 24 0 1
*6 94 141 17 24 17 24 0 1
*7 111 141 16 24 16 24 0 1
*8 127 141 17 24 17 24 0 1
*9 144 141 17 24 17 24 0 1
*+ 161 141 16 16 16 16 -4 1
*" 177 141 10 9 10 9 -15 1
** 187 141 11 11 11 11 -13 1
*ç 0 165 15 25 15 25 7 1
*% 15 165 25 24 25 24 0 1
*& 40 165 20 24 20 24 0 1
*/ 60 165 10 24 10 24 0 1
*( 70 165 9 30 9 30 6 1
*) 79 165 9 30 9 30 6 1
*= 88 165 16 11 16 11 -7 1
*? 104 165 17 24 17 24 0 1
*` 121 165 7 5 7 5 -19 1
*^ 128 165 13 13 13 13 -11 1
*¦ 141 165 3 31 3 31 7 1
*@ 144 165 31 31 31 31 7 1
*# 175 165 18 24 18 24 0 1
*¬ 193 165 16 10 16 10 -7 1
*| 0 196 3 31 3 31 7 1
*¢ 3 196 16 31 16 31 7 1
*´ 19 196 7 5 7 5 -19 1
*~ 26 196 17 7 17 7 -8 1
*ö 43 196 16 23 16 23 0 1
*ä 59 196 16 23 16 23 0 1
*ü 75 196 15 23 15 23 0 1
*é 90 196 16 24 16 24 0 1
*à 106 196 16 24 16 24 0 1
*è 122 196 16 24 16 24 0 1
*Ö 138 196 24 29 24 29 0 1
*Ä 162 196 22 29 22 29 0 1
*Ü 184 196 18 29 18 29 0 1
