*A 0 0 46 47 46 47 0 4
*B 46 0 39 47 39 47 0 4
*C 85 0 41 48 41 48 0 4
*D 126 0 39 47 39 47 0 4
*E 165 0 36 47 36 47 0 4
*F 201 0 32 47 32 47 0 4
*G 233 0 44 49 44 49 1 4
*H 277 0 37 47 37 47 0 4
*I 314 0 10 47 10 47 0 4
*J 324 0 31 48 31 48 1 4
*K 355 0 42 47 42 47 0 4
*L 397 0 33 47 33 47 0 4
*M 430 0 46 47 46 47 0 4
*N 0 49 37 47 37 47 0 4
*O 37 49 45 49 45 49 1 4
*P 82 49 36 47 36 47 0 4
*Q 118 49 47 53 47 53 5 4
*R 165 49 42 47 42 47 0 4
*S 207 49 39 49 39 49 1 4
*T 246 49 38 47 38 47 0 4
*U 284 49 37 48 37 48 1 4
*V 321 49 44 47 44 47 0 4
*W 365 49 62 47 62 47 0 4
*X 0 102 44 47 44 47 0 4
*Y 44 102 44 47 44 47 0 4
*Z 88 102 38 47 38 47 0 4
*a 126 102 33 37 33 37 1 4
*b 159 102 33 48 33 48 1 4
*c 192 102 32 37 32 37 1 4
*d 224 102 33 48 33 48 1 4
*e 257 102 33 37 33 37 1 4
*f 290 102 23 48 23 48 0 4
*g 313 102 33 49 33 49 13 4
*h 346 102 31 47 31 47 0 4
*i 377 102 10 47 10 47 0 4
*j 387 102 17 60 17 60 13 4
*k 404 102 32 47 32 47 0 4
*l 0 162 10 47 10 47 0 4
*m 10 162 50 36 50 36 0 4
*n 60 162 31 36 31 36 0 4
*o 91 162 35 37 35 37 1 4
*p 126 162 33 49 33 49 13 4
*q 159 162 33 49 33 49 13 4
*r 192 162 22 36 22 36 0 4
*s 214 162 33 37 33 37 1 4
*t 247 162 21 47 21 47 1 4
*u 268 162 31 36 31 36 1 4
*v 299 162 36 35 36 35 0 4
*w 335 162 52 35 52 35 0 4
*x 387 162 37 35 37 35 0 4
*y 0 211 34 48 34 48 13 4
*z 34 211 31 35 31 35 0 4
*< 65 211 32 36 32 36 -5 4
*> 97 211 32 36 32 36 -5 4
*\ 129 211 20 47 20 47 0 4
*, 149 211 11 21 11 21 11 4
*; 160 211 11 46 11 46 11 4
*. 171 211 10 10 10 10 0 4
*: 181 211 10 35 10 35 0 4
*- 191 211 18 9 18 9 -12 4
*_ 209 211 38 8 38 8 13 4
*  247 211 18 72 18 72 13 4
*§ 265 211 33 61 33 61 13 4
*° 298 211 21 21 21 21 -27 4
*! 319 211 10 47 10 47 0 4
*] 329 211 17 60 17 60 13 4
*[ 346 211 17 60 17 60 13 4
*{ 363 211 22 61 22 61 13 4
*} 385 211 22 61 22 61 13 4
*$ 407 211 32 57 32 57 7 4
*£ 0 283 35 49 35 49 1 4
*0 35 283 31 48 31 48 1 4
*1 66 283 21 47 21 47 0 4
*2 87 283 31 47 31 47 0 4
*3 118 283 31 48 31 48 1 4
*4 149 283 34 46 34 46 0 4
*5 183 283 32 47 32 47 1 4
*6 215 283 31 48 31 48 1 4
*7 246 283 31 46 31 46 0 4
*8 277 283 31 48 31 48 1 4
*9 308 283 31 48 31 48 1 4
*+ 339 283 33 33 33 33 -7 4
*" 372 283 25 17 25 17 -30 4
** 397 283 23 23 23 23 -24 4
*ç 0 332 32 47 32 47 11 4
*% 32 332 52 50 52 50 2 4
*& 84 332 43 49 43 49 1 4
*/ 127 332 20 47 20 47 0 4
*( 147 332 17 60 17 60 13 4
*) 164 332 17 60 17 60 13 4
*= 181 332 33 23 33 23 -12 4
*? 214 332 34 48 34 48 0 4
*` 248 332 15 10 15 10 -37 4
*^ 263 332 31 26 31 26 -22 4
*¦ 294 332 8 60 8 60 13 4
*@ 302 332 61 61 61 61 13 4
*# 363 332 35 47 35 47 0 4
*¬ 398 332 33 23 33 23 -12 4
*| 0 393 8 60 8 60 13 4
*¢ 8 393 33 60 33 60 13 4
*´ 41 393 15 10 15 10 -37 4
*~ 56 393 34 13 34 13 -16 4
*ö 90 393 35 48 35 48 1 4
*ä 125 393 33 48 33 48 1 4
*ü 158 393 31 48 31 48 1 4
*é 189 393 33 49 33 49 1 4
*à 222 393 33 49 33 49 1 4
*è 255 393 33 49 33 49 1 4
*Ö 288 393 45 60 45 60 1 4
*Ä 333 393 46 59 46 59 0 4
*Ü 379 393 37 60 37 60 1 4
