*A 0 0 22 24 22 24 0
*B 22 0 20 24 20 24 0
*C 42 0 21 24 21 24 0
*D 63 0 23 24 23 24 0
*E 86 0 22 24 22 24 0
*F 108 0 21 24 21 24 0
*G 129 0 23 24 23 24 0
*H 152 0 24 24 24 24 0
*I 176 0 9 24 9 24 0
*J 185 0 17 24 17 24 0
*K 202 0 23 24 23 24 0
*L 225 0 17 24 17 24 0
*M 242 0 28 24 28 24 0
*N 0 24 23 24 23 24 0
*O 23 24 22 24 22 24 0
*P 45 24 22 24 22 24 0
*Q 67 24 22 27 22 27 3
*R 89 24 22 24 22 24 0
*S 111 24 20 24 20 24 0
*T 131 24 19 24 19 24 0
*U 150 24 22 24 22 24 0
*V 172 24 22 24 22 24 0
*W 194 24 33 24 33 24 0
*X 0 51 28 24 28 24 0
*Y 28 51 21 24 21 24 0
*Z 49 51 21 24 21 24 0
*a 70 51 16 18 16 18 0
*b 86 51 17 24 17 24 0
*c 103 51 15 18 15 18 0
*d 118 51 18 24 18 24 0
*e 136 51 17 18 17 18 0
*f 153 51 14 24 14 24 0
*g 167 51 20 24 20 24 6
*h 187 51 18 24 18 24 0
*i 205 51 9 24 9 24 0
*j 214 51 13 30 13 30 6
*k 0 81 18 24 18 24 0
*l 18 81 9 24 9 24 0
*m 27 81 27 18 27 18 0
*n 54 81 18 18 18 18 0
*o 72 81 16 18 16 18 0
*p 88 81 19 24 19 24 6
*q 107 81 18 24 18 24 6
*r 125 81 14 18 14 18 0
*s 139 81 16 18 16 18 0
*t 155 81 11 24 11 24 0
*u 166 81 19 18 19 18 0
*v 185 81 16 18 16 18 0
*w 201 81 24 18 24 18 0
*x 0 105 18 18 18 18 0
*y 18 105 19 24 19 24 6
*z 37 105 16 18 16 18 0
*< 53 105 16 16 16 16 -4
*> 69 105 16 16 16 16 -4
*\ 85 105 8 24 8 24 0
*, 93 105 6 9 6 9 5
*; 99 105 9 23 9 23 5
*. 108 105 5 4 5 4 0
*: 113 105 8 18 8 18 0
*- 121 105 10 4 10 4 -7
*_ 131 105 20 4 20 4 6
*  151 105 9 37 9 37 7
*§ 160 105 18 30 18 30 6
*° 178 105 10 10 10 10 -14
*! 188 105 9 24 9 24 0
*] 197 105 13 30 13 30 6
*[ 210 105 12 30 12 30 6
*{ 222 105 13 30 13 30 6
*} 0 142 13 30 13 30 6
*$ 13 142 18 27 18 27 2
*£ 31 142 19 24 19 24 0
*0 50 142 17 24 17 24 0
*1 67 142 13 24 13 24 0
*2 80 142 17 24 17 24 0
*3 97 142 17 24 17 24 0
*4 114 142 17 24 17 24 0
*5 131 142 18 24 18 24 0
*6 149 142 17 24 17 24 0
*7 166 142 17 24 17 24 0
*8 183 142 16 24 16 24 0
*9 199 142 16 24 16 24 0
*+ 215 142 16 16 16 16 -4
*" 0 172 10 9 10 9 -15
** 10 172 12 11 12 11 -13
*ç 22 172 15 24 15 24 6
*% 37 172 25 25 25 25 1
*& 62 172 19 24 19 24 0
*/ 81 172 17 24 17 24 0
*( 98 172 11 30 11 30 6
*) 109 172 11 30 11 30 6
*= 120 172 16 11 16 11 -7
*? 136 172 15 24 15 24 0
*` 151 172 6 6 6 6 -18
*^ 157 172 13 14 13 14 -10
*¦ 170 172 4 30 4 30 6
*@ 174 172 31 31 31 31 7
*# 205 172 18 24 18 24 0
*¬ 223 172 16 11 16 11 -7
*| 0 203 4 30 4 30 6
*¢ 4 203 18 30 18 30 6
*´ 22 203 8 6 8 6 -18
*~ 30 203 17 6 17 6 -9
*ö 47 203 16 23 16 23 0
*ä 63 203 16 23 16 23 0
*ü 79 203 19 23 19 23 0
*é 98 203 17 25 17 25 0
*à 115 203 16 25 16 25 0
*è 131 203 17 25 17 25 0
*Ö 148 203 22 28 22 28 0
*Ä 170 203 22 28 22 28 0
*Ü 192 203 22 28 22 28 0
